_C_3828_61952d99_1 8c 0 68 0 0 312e766d 0 7461736b 0 6162355f 0 6c 
_C_3828_61952d99_2 8c 0 10 0 0 2578 
_C_39c6_61952dc7_1 8c 0 10 0 0 2562 
_C_48f6_61953046_1 84 0 8 0 0 e0 
_C_50f4_61953163_3 8c 0 158 0 0 2025620a 0 7365743a 0 62207265 0 643a2025 0 56616c69 0 62206973 0 773a2025 0 69734e65 0 20256220 0 69616c3a 0 736572 
_C_3828_61952d99_3 94 0 20 0 0 16 
_C_50f4_61953163_1 84 0 9 0 0 1e0 
_C_4378_61952f9a_1 94 0 20 0 0 1a 
_C_48f6_61953046_3 8c 0 108 0 0 2025620a 0 6c69643a 0 69735661 0 20256220 0 4e65773a 0 62206973 0 6c3a2025 0 65726961 0 73 
_C_440_6195214b_1 94 0 20 0 0 1 
_C_4557_61952feb_1 8c 0 78 0 0 6564210a 0 74656374 0 65206465 0 656467 
